d1: 4.43047 0.0838289
a2a: 4.16656 0.074884
wt: 4.67404 0.0753511
mu sem
