d1: 9.3169 0.53448
a2a: 10.1565 0.567927
wt: 10.7953 0.630565
mu sem
